Want to hide your password in a file some how? Try this:

Make 50 lines of ones and 0s and hide your password in it.

10101010101010101010101001010101001010110101010101001000000100101010010110011100
10101010101010101010101001000000001010101010100101010000000100101010010110011100                                           t
10101001010110101010101001000010010111111010001010101000000100101010010110011100                                          o
10101010101010101010101001010010000010100101001001010100000100101010010110011100                                         o
10101001010110101010101001001010101001000001010101010100000100101010010110011100  0000000000000000000000000000000000    h
10101010101010101010101001010100101191111111110000000100000100101010010110011100  0000000000000000000000000000000000   S
10101001010110101010101001010000010010101001011001110000000100101010010110011100  0000000000000000000000000000000000
1010101010101010101010100100000010010101001011001110000000100101010010110011100
1010100101011010101010100100000010010101001011001110000000100101010010110011100
1010101010101010101010100100000010010101001011001110000000100101010010110011100
001000100010001000100010
10101001010G10101010101
10101010101U10101010101             0                                       0
10101001010N10101010101             0                                       0
10101010101010101010101             0  0  0  0    0   0 0 0   0        0    0 
10101001010110101010101             0         0   0 0         0        0    0
10101010101010101010101             0         0   0           0        0    0 0 0 0 0
10101101001011010101010             0 0 0 0 0     0           0        0    0       0
10101010101010101010101                                        0 0 0 0      0       0
10101001010110101010101                                        
10101010101010101010101                                        
10101001010110101010101
10101010101010101010101
10101001010110101010101
10101010101010101010101
10101001010110101010101
10101010101010101010101
10101001010110101010101
10101010101010101010101
10101001010110101010101
10101010101010101010101
10101001010110101010101
10101010101010101010101
10101001010110101010101
10101010101010101010101
10101Your Password01000
10101001010110101010101
10101010101010101010101
10101001010110101010101
10101010101010101010101
10101001010110101010101
10101010101010101010101
10101001010110101010101
10101010101010101010101
10101001010110101010101
10101010101010101010101
10101001010110101010101
10101010101010101010101
10101001010110101010101
10101010101010101010101
10101001010110101010101
